4867	6307	901.0
4867	8105	902.0
4867	5822	901.0
4867	5033	904.0
4867	1549	900.0
4867	4742	907.0
4867	4022	907.0
4867	8899	902.0
4867	3621	900.0
4867	4253	907.0
4867	2191	900.0
4867	6742	902.0
4867	240	901.0
4867	2248	902.0
6307	8105	913.0
6307	5822	913.0
6307	5033	923.0
6307	1549	908.0
6307	4742	913.0
6307	4639	909.0
6307	4022	912.0
6307	8899	919.0
6307	3621	902.0
6307	4253	923.0
6307	2191	912.0
6307	6189	912.0
6307	6127	920.0
6307	6742	901.0
6307	240	918.0
6307	2248	928.0
6307	5078	902.0
3621	8105	901.0
3621	1549	902.0
3621	4742	900.0
3621	4639	917.0
3621	4022	900.0
3621	4253	900.0
3621	2191	909.0
3621	6189	909.0
3621	6742	902.0
3621	240	902.0
3621	2248	904.0
3621	5078	926.0
4742	8105	908.0
4742	5822	906.0
4742	5033	910.0
4742	1549	913.0
4742	4639	919.0
4742	8899	920.0
4742	2191	900.0
4742	6189	900.0
4742	6742	913.0
4742	240	905.0
4742	5078	900.0
8899	8105	922.0
8899	5822	904.0
8899	5033	943.0
8899	4639	923.0
8899	4022	904.0
8899	4253	905.0
8899	2191	907.0
8899	6189	907.0
8899	8460	923.0
8899	6742	919.0
8899	240	902.0
8899	2248	949.0
8899	5078	904.0
2248	5822	904.0
2248	5033	914.0
2248	1549	928.0
2248	4022	915.0
2248	4253	915.0
2248	2191	907.0
2248	8460	909.0
2248	240	910.0
2248	5078	904.0
8105	5822	953.0
8105	5033	912.0
8105	1549	913.0
8105	4639	917.0
8105	4253	912.0
8105	2191	901.0
8105	6742	913.0
8105	240	915.0
8105	5078	901.0
5033	5822	904.0
5033	1549	923.0
5033	4639	908.0
5033	4022	965.0
5033	4253	964.0
5033	2191	902.0
5033	8460	915.0
5033	6742	923.0
5033	240	915.0
5033	5078	902.0
8460	1549	912.0
8460	4022	911.0
8460	2191	901.0
8460	6189	904.0
8460	6742	912.0
8460	5078	900.0
1549	5822	913.0
1549	4639	909.0
1549	4253	923.0
1549	6189	912.0
1549	6742	904.0
1549	240	918.0
1549	5078	902.0
6189	5822	902.0
6189	4639	900.0
6189	4022	900.0
6189	4253	901.0
6189	2191	906.0
6189	240	902.0
6189	5078	916.0
2191	5822	902.0
2191	4639	900.0
2191	4022	900.0
2191	4253	901.0
2191	6742	912.0
2191	240	902.0
2191	5078	915.0
240	5822	941.0
240	4639	913.0
240	4253	909.0
240	5078	902.0
4022	5822	904.0
4022	4253	964.0
4022	6742	912.0
4022	5078	900.0
6742	5822	913.0
6742	4639	909.0
5078	5822	902.0
5078	4639	901.0
5078	4253	900.0
4253	5822	933.0
4253	4639	937.0
5822	4639	903.0
